359889291524
359889164532
359889378533
359887443106
359889374479
359889183768
359882561927
359882771134
359882724974
359884288095
359886260566
359884249806
359887247995
359887247874
359887247873
359882980543
359886068047
359886875077
359886184168
359886018939
359885053266
359887404943
359887404076
359882997833
359884334481
359887383990
359887394770
359884304415
359882980913
359882979741
359884090213
359885054416
359885380052
359885131030
359885037260
359885056784
359885332731
359884575066
359884903438
359884611468
359884549114
359882990573
359886739015
359886681882
359886648231
359886601457
359885929775
359885930067
359885686683
359885615451
359884823957
359884790940
359884790982
855886027274
855883440220
573172364946
573175255382
573223947250
573217388271
573217393018
573161775674
573161754743
385976798028
385981865929
385976754350
385981896524
385981896595
385915618246
385957977419
385915407041
385976479288
385976476445
385997542899
385997542462
385917844123
385919527105
385976442795
385997493846
385958938407
385924309157
385924206231
35795753044
35794522864
35794051890
35795696748
35794522154
35796326460
35796584990
35796147283
35796353203
35796619366
35794528427
35794528080
35794515570
35796830413
35794490479
35795987765
35797555368
35794479824
420722538844
420722658751
420605086609
420721020555
420771198445
420605052611
420605068171
420720489760
420728669913
420775838984
420775838987
420731353284
420721946902
420721948464
420728656789
4549995639
4591886554
4550145734
4581904715
4550399325
4552605793
4552766757
4555274530
4552748513
4552741837
4552766204
4550128424
4571539215
4571489712
4591428529
4550153762
4591479858
4550179321
4591672631
4591499411
4591955885
4571450297
4531841226
4552637557
4591461274
4571476867
4591819220
4571488492
4550142321
4571343878
4571484841
4591858162
4571874228
4550115238
4581918993
4550326375
4555263550
4591694056
4591759052
4571351285
4552654429
4552642414
4591473208
4550291304
4571558096
4571577019
4571544331
4571376952
4591699219
4571403744
4571587482
4591452757
4571485520
4571312150
4571509549
4571340440
4571547758
4571503788
4531893930
4571611182
4531846448
4531887360
4552822146
4571379464
4591707253
4591706922
4591706409
4553331490
4571513371
4571318125
4591657274
4552789510
4571454026
4571813722
4571411886
4591441080
4571503014
4591423736
4571411675
4571811544
4571411913
4591415167
4571812514
4591426152
4591422652
4591426214
4592451201
4592450495
37258524786
37258207077
37258235480
37255632258
37255665534
37258252913
37258259726
37259006494
37258251305
37258224652
37258252905
37256139097
37256178659
37258823021
37256136387
37258253414
37256069276
37256031660
37256095606
37256095460
37256033273
37256146125
37256305195
37256304241
37256320954
37256126196
37256049661
37256047304
37256320603
37256047871
37256030653
37256024816
37256127752
37258172838
37258433279
37258824032
37258185180
37258184062
37256108991
37256082508
37258825554
37256306172
37256328710
37256066208
37258146484
37256041284
37257487121
37257487139
37254619468
37257485646
37258954605
37256054762
37256304265
3725584654
37258155002
37258953476
37256081166
37255506168
37256069582
37258224654
37258217150
37258127330
37258458160
37258458187
37256080578
37256378632
37258803730
37258206865
37258218583
37256108575
37256108474
37256057406
37256057436
37256108472
37256108448
37281521755
37258903441
37256328540
37281521725
37256327723
37256378411
37256328541
37256195537
37254632764
37256319432
37256195331
37256779850
37258829293
37256395862
37258468784
37258300255
37259014731
37253654136
37253576483
37256133340
37258112277
37258409660
37258401696
37256175341
37253846369
37254690879
37253859121
37254562594
37253955326
37254610559
37254370811
37254450371
37254740238
37254220863
358449410863
358449447109
358466133406
358466133365
358449369760
358402429232
358402424568
358404489527
358449380945
358449384414
358465840279
358465832056
358417285530
358465472733
358404416246
358465469991
358415851049
358414798441
358469456707
358465359333
358408119989
358415847209
358465359219
358415726898
358469613300
358417924240
358417924236
358417926827
358417926828
358417919537
358417919533
358417919513
358414927021
3580417919489
3580417919490
358414994409
358449456574
358449456578
358449456551
358449320158
358414869841
358414872650
358449478411
358449478409
358449475168
358414858779
358414824234
358414976066
358414976236
358414978036
358466608731
358466609873
358449425027
33774153116
33774161555
33774153550
33753149137
33752731534
33774100383
33773367045
33752152965
33745464182
33752226237
33745747371
33752785221
33759335536
33780774144
33760911696
33666544766
33780771432
33787291054
33672978159
33773162299
33631038759
33758427961
33758827879
33750119637
33745745831
33774167753
33604795622
33745746572
33753840300
33745634060
33773164513
33773736063
33772212947
33774287968
33774211285
33773390749
33753220856
33617956838
33617954947
33780867426
33669970591
33779090704
33780863978
33687021427
33761422964
33745763360
33667933722
33745453052
33745441951
33745417686
33753623308
33758915327
33605793440
33773098444
33753861039
33745902630
33758127809
33758127283
33744275970
33753088273
33744277521
33744277543
33744250740
33744250739
33605655427
33605853774
33758934208
33758668684
33744277081
33751468893
33753736181
33758685793
33751160958
33626829268
33751331295
33751322523
33753504908
33758162085
33758160924
33748446301
33748446286
33748446317
33748446297
33745564521
33745566534
33748446281
33745570194
33758361192
33758135576
33758136350
33758051989
33751523379
33753164589
33758111525
33758371742
33751236885
33605661727
33758809261
33745608504
33752180066
33752184313
33752308632
33752184193
33752181618
33752349571
33752130801
33752186667
33752172852
33754174923
33755060039
33755068816
33752125777
33752124332
33751984016
995574801451
995592183760
995544996113
995592144171
995574095332
995574150638
995579209942
995574899024
995500889236
4915510076452
4915778641258
4915770909940
4915510989964
4915510713490
4915218147007
4915510690473
4915212103134
4915211258065
4915510435156
4915510506278
4915510489008
4915510196227
4915510513038
4915510902309
4915510442942
4915510806141
4915510118936
4915510067981
4915510074493
4915510147028
4915210192971
4915217196692
4915211750456
4915219658265
4915510014790
4915212637313
4915510326684
4915510375091
4915510480141
4915510372677
4915219560104
4915510690084
4915212467699
4915510051283
4915216451949
4915510093716
4915212377831
4915216492402
4915214834111
4915510587249
4915510519483
4915217904999
4915215894166
4915215894164
4915510586583
4915219168075
4915215896475
4915218069492
491627173311
4915510624674
4915215099871
491744364460
4915510261768
491627188895
4915205115013
4915213057800
4915510623982
4915219300383
4915217514547
4915217169411
4915214173688
4915216632891
4915510079914
4915217113032
4915212162072
4915219469551
4915226729898
4915215983927
4915212276720
4915218918214
4915124881190
4915124884289
4915163244520
4915124692845
4915124748674
4915175501921
4915163227703
4915163788161
4915163212269
4915166067370
4915145481847
4915129823340
4915145232906
4915145255900
4915129814935
4915129798932
4915129832772
4915129828267
4915175516611
4915175461907
49915175461907
4915175454481
4915175454492
4915175355164
4915175787994
4915175354885
4915175354769
4915175355045
4915175949970
233208848676
306940193382
306970565259
306970446093
306970081535
306970451975
306970361721
306973908140
306940116111
306973941874
306975220356
306982166113
306975622898
306955115540
306983721173
306977396035
306944582708
306975225532
306977583471
306975228326
306977258916
306944441128
306944746772
306944467495
306984253949
306975651542
306942889052
306981923720
306975627577
306949719655
36205586641
36205457185
6282122789908
6281297793201
6282131139556
6285333505713
6285283426692
6285215408846
6283863104703
6287752586186
6285933825322
6282143846635
6287844709491
6287753717209
6282132216847
6282228413647
6282137188819
6282137185604
6285722521687
6285722494586
6285813936728
628983626614
6289699355553
62895329462992
6283198101073
6285878082062
6285771245934
6281328094410
6281328094402
6285814152799
62895709812233
6282133772902
628983710183
6285793357797
6289517090379
62895326183339
6281255748703
6282124763731
6282125971294
6281231519658
353899467720
353899865387
353899463036
353899814300
353899748860
353899897084
353899655099
353899760668
353899470658
353899894838
353899693259
353830814673
353892694043
353892239183
353894461657
353892628032
353894264368
353894264344
353892399678
353892394713
353892394704
353899850009
353899887052
353899675541
353899406703
353899882782
353899658542
353899679877
353899844346
353899564471
353899400463
353899835588
353899730856
353899745311
353899629938
353899851085
353899647021
353899636686
353899826494
353899434547
353899464368
353899827836
353899645814
353899662145
353899772182
353899692857
353899636395
353899551779
353899474354
353899434511
353899562364
353899535072
353899808079
353899489942
353899482035
353899777060
972525392051
972525474903
972523264913
972523285456
972523254573
393508123829
393509418437
393508008406
393508026816
393508209293
393510963298
393509444723
393509254925
393761804753
393481828961
393792777391
393509468305
393512256718
393512878554
393509933263
393511943720
393509670387
393509809558
393509809407
393511554227
393509635787
393509987705
393511929960
393511905645
393512570964
393511744673
393512353856
393509681405
393509871264
393509874636
393509853877
393509837710
393509846159
393509577691
393509589861
393509398156
393509526816
77751353579
77755177640
77751339546
77752656390
77782558243
77474969136
77074792803
77074795063
77074791695
77074995383
77074792538
77075695290
77753172515
77077941829
77021175234
77751341779
77752078912
77754383184
77782325907
77076786534
77470457036
77473982290
77470456852
77478262951
77479594729
77470465041
77479593076
77079559438
77074531486
77077037325
77011748952
77011303878
77076728178
77011789928
77011264132
77058702365
77058704415
77470864841
77073155689
77470291125
77011793761
77478550274
77784055396
77026321588
77026658168
77021195927
77021194174
77021196176
77028602966
77086675181
77470297521
77780669024
77052811902
77752297940
77475656070
77071651676
77077630553
77785378871
77767771328
77058200578
77470869258
77073717502
77074739714
77767949203
77767772665
77058191951
77053813678
77077469820
77073718862
77767731189
77476993790
77470869431
77471945409
77075955376
77072129967
77471246869
77476463425
77760683087
77077294805
77475018169
77470862181
77077466206
77071064694
77075251285
77470370275
77471246330
77472004654
77470858892
77470866103
77071065814
77475015046
77079474398
77078395397
77078411473
77078410937
77472473391
77072127147
77472544041
77072175092
77765631211
77078427309
77072131596
77470775709
77471959789
77078427263
77072161037
77074760865
77472474241
77072899822
77470865228
77077708329
77470859104
77475075781
77077297426
77072127158
77472409235
77475012674
77078394575
77078410073
77470869153
77078412520
77767784884
77751172199
77078409941
77078412976
77751021360
77751935129
77767866513
77055395710
77477480053
77477550858
77471951342
77076037235
77471640819
77474184603
77078393121
77470854112
77470864773
77472441408
77474580756
77471148258
77477380383
77472569115
77472570388
77072795420
77072795168
77472384756
77077629169
77479408863
77470863069
77077420908
77072795299
77477557851
77076812154
77072394008
77472838491
77470854171
77471642715
77072792391
77078427594
77072637157
77073050868
77477536961
77752145678
77752147236
77752159148
77751267130
77751788274
77471746300
77028792651
77755867116
77751151690
77474418416
77755871340
77755793116
77755978087
77078395581
77755786561
77470865763
77479921353
77072183841
77472935133
77771184980
771184980
77075194673
77711191225
77711815371
77479642152
77470453988
77470460788
77479594991
77711199537
77474070058
77474065988
77769853091
77053798441
77479562484
77474060372
77474066163
77474070236
77769881946
77711194025
77479245617
77474066254
77052453014
77472414649
37122403303
37128784287
37125604784
37120402944
37122371324
37122389321
37125739078
37126370311
37126036865
37128368684
37126196801
37176913161
37126361437
37126422155
37127829173
37126064873
37126665899
37128794013
37125620489
37128769831
37124951261
37120358069
37125237659
37125327175
37120355542
37120355571
37120515382
37120356947
37120413738
37128243024
37124868011
37120313268
37128932521
37128296837
37128202268
37128216329
37128210353
37127175517
37128215638
37127110324
37126707655
37126771877
37127110631
37126780539
37126780577
37125955672
37127150348
37126743566
37120585934
37126785422
37120587672
37126750902
37122363294
37120054469
37120482592
37120572354
37120483336
37120568582
37120492603
37120557604
37122370108
37120451173
37124848350
37120485808
37127142365
37120423294
37126925026
37120572332
37120423026
37124793240
37120551656
37124916807
37125948715
37128770460
37129166379
37126976831
37126406742
37126697395
37124793285
37128838633
37124793196
37124793199
37129493771
37122003652
37128103454
37128103468
37124815256
37124815214
37126726283
37126727886
37120425616
37124790972
37127892192
37125930074
37124906921
37129358455
37126025934
37126719589
37128927859
37126626504
37120074580
37125385802
37125385791
37124987607
37125351076
37125349933
37124945953
37124967634
37124827505
37122499516
37126109368
37126265298
37128758960
9612254741
9612293657
9618465180
37063106241
37063044097
37063443724
37063409407
37063383962
37063594229
37063312007
37068976073
37060734956
37060729061
37060719912
37064603063
37060209600
37066143863
37068131217
37063790831
37063475132
37068979363
37063261099
37063209793
37069181031
37064490539
37068962805
37069035342
37066055972
37066055957
37064544115
37062878381
37065277880
37061307206
37061318978
37061303729
37061748264
37063830818
37064380913
37064370619
37063862886
37060596872
37069315808
37068573409
37064546745
37069397116
37069335898
37066264436
37060833215
37069217431
37060616664
37063845271
37060619506
37060599971
37066054437
37060619301
37060599932
37063972465
37068770513
37068772110
37068550488
37060999340
37067178919
37060591829
37066011253
37063426122
37068438366
37060733780
37060590941
37060275476
37068361488
37060270814
37060001506
37066025036
37066024850
37064424417
37060864251
37064349352
37063791481
37064188105
37063628331
37067542837
37067506322
37064922090
37064902199
37064968469
37063829100
37064429441
37063829405
37064932453
37063901230
37066917281
37064121258
37065423128
37068325208
37069004503
37066151781
37066563730
37066563530
37066851924
37066851880
37066563687
37066152256
37063247207
37066152241
37060805680
37068933049
37066337507
37062978993
37068012038
37062237998
37063805469
37064902320
37062131347
37062232973
37068815541
37063930926
37063833743
37063629460
37062761794
37069487851
37061355056
37062894292
37069236364
37069237482
37069330157
37068075951
37069217752
37062192475
37061374116
37068093609
37061755749
37067720819
37061093282
37062946433
37062154709
601121019307
601169392283
601169391344
601170015742
601137345897
601128626514
60182589671
601164288372
60189126734
601168722193
60147804156
601169687973
601121983631
601139221949
601139222013
601169388607
22353672605
22350052321
22350097938
22350097951
22353544471
22379567349
22353620848
22372677240
22372670754
37376559148
37376993105
37376915074
37376973382
37376980383
37376871748
37376871745
37376089445
37379664791
37379740295
37379266932
37368499131
37376863224
37378098079
37379191833
37378042643
37379363005
2120777296081
212781844097
212781556466
212711670103
212622665528
212696044528
212678175637
212651314942
212658579463
212643798746
212764039662
212605726519
212721428186
212675572102
212687027937
212611298068
212639603143
212615802895
212763930980
212639579426
212655904499
212628612646
212698616639
212674701534
212636559279
212698527790
212654587930
212760284932
212695698007
212603398356
212760295326
212643311826
212760293388
212687410601
212659708704
212653186460
212766190469
212689639322
212637531044
212675870646
212696293195
212775501229
212643057713
212641555704
212767295562
212643094167
212648379828
212637832158
212689232958
212659253406
212639049644
212613269479
212658633761
212642874140
212616095772
212624033462
212655822560
212655807519
31686289639
31645726853
31685549850
31620472577
31620260650
31622407162
31684080995
31647650075
31647471452
31653629157
31684004457
31686103041
31687112611
31687357623
31670800956
31686409583
31687259333
31685289634
31687729699
31617605637
31686437430
31687136044
31647710351
31644391206
31613871524
31647992960
31610355787
31647799157
31616756921
31647873583
31647998309
31616709306
31617257457
31617306814
31616829823
31653593412
31617469773
31657386158
31657402763
31644573717
31613319846
31623822410
31647893977
31617227333
31645810204
31644756919
31644935373
31619586312
31613283032
31613547329
31613855268
31625394289
31613285604
31651565843
31647541562
31620415200
31620244966
31623539141
31623376918
31616804345
31613889075
31633199619
31644510855
31613916351
31644099151
31625687477
31651210558
31619737421
31619107256
31645182842
31645945208
31613813143
31613048759
31613269945
31613364599
31633190924
31613487935
31647737502
31647796927
31616709116
31616722591
31647615323
31644231104
31645030922
31644657102
31653574732
31633206190
31622353027
31616325889
31653455140
31616720783
31616557162
31616235034
31616235439
31649980568
31649100142
31653276948
31683953443
31658766129
31620705754
31649059879
31653133591
31687284473
31684734223
31687982212
31633278111
31620492766
31687567437
31687748698
31687765540
31687547785
31685459953
31684525262
31685168656
31684629584
31687567049
31684462880
31684298634
639626125986
639466909328
639467480263
639623206014
639484955481
639705396937
639633852096
639207913958
639480613972
639207805307
639207981472
639639567462
639123113020
639639914468
639676202267
639274920831
639276752466
639623840438
639621476773
639755805239
639621581287
639569783398
639621145635
639621072940
639506504735
639203438328
639506432749
639387003788
639386914325
639506954315
639072046262
639098189075
639462120494
639302295574
639221000527
639859685496
639074839303
639856248991
639304887909
639304955421
639856248521
639859500876
639302453917
639854960981
639551740348
639755130851
639272109808
639060479293
639060490045
639702099933
639317805308
639317805285
639317805271
639317805337
639317805335
639317805269
639317805286
639317805090
639317822798
639317822731
639317822725
639317822743
6339317822743
639317822853
639317822975
639317822894
639633391074
48885809153
48886118468
48661296261
48576570671
48662787635
48534710167
48534312023
48576524611
48691385496
48694911058
48695265122
48723559701
48607582734
48661933358
48723291846
48883957988
48730674016
48722315406
48669732632
48722325397
48669747014
48695264047
48724028073
48661353120
48730758151
48535055763
48695264573
48669731747
48665293371
48661943573
48693267702
48693247981
48790383874
48691404165
48724734227
48724207759
48724734121
48691446257
48669719770
48453556145
48691446932
48724200965
48669942889
48669719763
48884172351
48723989435
48884057630
48884789639
48730594763
48723382297
48781310059
48781348351
48781348112
48734771179
48730594664
48790712373
48790443258
48790704340
48575988163
48730595108
48884789851
48884055083
48884789854
48884789850
48575449528
48513045727
48510317876
48725776106
48725731224
48725694486
48725694505
48731220396
48793173872
48793173888
48691217897
48724672129
48727456290
48727456229
48512413340
48785438715
48725653772
48726023925
48723678561
48783883402
48783907837
48725230960
48725239546
48725564643
48725562087
48725563131
48785846019
48785845338
48512239085
48785836891
48785836923
48577540307
48508754517
48724233405
48690119505
48511248533
48534219368
48732085110
48459367863
48579606632
48459366151
48799892904
48737349842
48579625405
48459360911
351913400949
351911821143
351915850085
351913405561
351915817021
351915240193
351913416035
351915302672
351911010666
351911996591
351920525056
351920394299
351920169560
351920130819
351920418777
351920083153
351920418882
351920418806
351920134282
351920539955
351920408696
351920531834
351920266183
351920070548
351920173790
351920222712
351920260921
351920173611
351920214112
351920272251
351923262022
351923262102
351923276580
351923276285
351923275829
40756230765
400762429374
40790206564
40731194933
40792149814
40720696402
40720696180
40720696800
40751526192
40732757316
40732751635
40734897151
40734896089
40734896249
40721589361
40737741624
40737741695
40737729792
40731814253
40734296333
40737741535
40734899227
40737741542
40734962834
40737739296
40737741157
40734962838
40736780930
40734899095
40734962819
40751802664
40734937891
40734899189
40734899187
40736166622
40734899100
40734899171
40736166729
40731813986
40734898250
40736778937
40731815917
40736774884
40736779026
40736772879
40736779187
40774974293
40774590897
40736780694
40774948611
40774546725
40774966405
40774515136
40737685529
40729214021
40736937115
40737185215
40729213720
40799187528
40735720143
40734897154
40723957275
40734897460
40726534590
40799424987
40726537363
40736244517
40790451243
40790512784
40732213605
40735292631
40732771247
40732759129
79236922963
79236923244
79236922941
79966765049
79969775603
79969663857
79969769347
79965394797
79965394593
79965394986
79965394978
79966768357
79966747603
79966800378
79966810657
79226066246
79292205682
79226072452
79226071609
79226069576
79226089121
79964154671
79964154389
79964112039
79321263090
79321266768
79321277167
79221498569
79221498547
79221498327
79210149613
79381009223
79326170122
79326147029
79308930267
79308930233
79954062332
79003283041
79024297752
79012357219
79005280894
79306977336
79306977334
79306977319
7monthsago
79221593387
79221607292
79957352366
79306974068
79306974182
79306974071
79002979281
79920647262
79021856022
79920646720
79920633836
79920646784
79001742963
79005256890
79005254762
79021596518
79021820828
79021816152
79376304616
79372642875
79376735910
79536732132
79536732805
79536733234
79229813148
79229548571
79240267904
79292502483
79311208967
79326804447
79326375018
79294975289
79306648172
79004793970
79009903813
79009945209
79229549124
79229913529
79397669938
79399739427
79303691859
79290745912
79004517355
79023580124
79004517387
79397664622
79300120172
79386001653
79234592554
79508874057
79004510766
79004516588
79381838541
79373945753
79020154523
79397666146
79311210479
79311208403
79235870994
79311211676
79303698540
79236198752
79020153785
79020154062
79026727547
79362434289
79027376685
79538989261
79027351626
79214148290
79319784190
79312678728
79312578645
79823047726
79126469681
79163291546
79163295022
79210168554
79312646747
79179290422
79312576978
79257686540
79312705716
79312657582
79312702544
79251367082
79373800518
79026633371
79179293199
79872983225
79251365214
79258328380
79257685265
79312418016
79316295780
79257593020
79258412616
79252032340
79258294237
79251880991
79312602405
79257691594
79313023149
79315993868
79253443882
79257609798
79267477618
79253989397
79257676499
79257532817
79257677672
79257677809
79251873358
79250690478
79250689110
79250710623
79250710466
79252018039
79267475927
79261639723
79869139546
79253204286
79869240753
79322676682
79281662484
79281663134
79322653922
79322626319
79378018082
79217880791
79378021021
79288319906
79285311250
79378019970
79288716140
79289880163
79287536074
79281662972
79281874649
79282898176
79895907346
79381285035
79895911350
79969885493
79969885532
79969885299
79969900364
79804058126
79969900403
79969793677
79633107143
79633107136
79969802975
79963425267
79969793738
79966248470
79966242922
79966215333
79966258828
79963425275
79966258826
79966241241
79990018044
79990018066
79969805251
79969805049
79969870759
79990017311
79990018241
79990018004
79219663249
79969953561
79994706003
79219673868
79219663119
79992069284
79994601338
79996733889
79994606314
79996949268
79996951187
79891539629
79991116176
79168017809
79993509850
79995195421
79867641809
79103934046
79993376954
79877556834
79103827168
79316321648
79316321668
79963036827
79963040151
79964599691
79802154528
79963040776
79963429206
79997162332
79963041412
79999980479
79999969767
79280614095
79999969770
79963041338
79858180731
79966293605
79964551019
79964401520
79966139499
79998293223
79996955837
79960969031
79963466371
79960969443
79289618054
79999951598
79966283552
79966286403
79998743057
79993974810
79993974692
79050254741
79998119971
79090843231
79998543899
79998545943
79285306422
79285821162
79288351009
79998235045
79296434001
79296417818
79365116159
79365273787
79994603302
79295417653
79295417243
79261353125
79250748961
79250636831
79365298599
79295634003
79365054127
79365155614
79365200642
79365040620
79250286348
79172568918
79268861229
79254245300
79365296063
79250622795
79291987889
79253968540
79254605419
79250775291
79267254728
79673750845
79673755069
79851153462
79312185626
79851848858
79363071209
79178636186
79178535279
79872306702
79994590985
79994590785
79377688205
79326824227
79296222041
79994707690
79994589394
79031872517
79645564078
79855821418
79645563350
79960753990
79960754116
79061184682
79312185651
79654368786
79963976682
79585008269
79309879762
79910559779
79053762935
79600736905
79674677485
79093073584
79994706274
79631392628
79033196681
79050207643
79050397723
79674684761
79673687104
79600732813
79600736874
79674664825
79215872194
79636730470
79312701696
79312562325
79319950106
79319943715
79291873887
79209197916
79312719542
79312719466
79533323027
79636792239
79636791921
79209199346
79209196301
79262772512
79262748972
79262266015
79916447035
79916447013
79916447015
79261976954
79262748300
79697511765
79873928018
79873927745
79873925662
79697511768
79090914326
79697511740
79061183196
79631398807
79600353822
79917534854
79919681866
79999285854
79017245380
79017245379
79912788589
79917174857
79917174850
79917174831
79652638427
79652638421
79652638442
79916919602
79916919497
79915669869
79915669865
79915669877
79916925209
79001578130
79060261553
79917169234
79916480518
79612254741
79612293657
79618465180
79916578600
79916578761
79916578634
79094787857
79917168508
79917168788
79916913620
79916579277
79039016478
79916913606
79093137841
79061186185
79033076091
79033419302
79674689546
79600314698
79061184329
79061958809
79059316433
79912387182
79912448341
79912447604
79921698401
79053729634
79655871869
79692237213
79912395150
79912395321
79915584205
79911780735
79921698402
79921698442
79912389358
79013512306
79013512078
79013512958
79911780623
79912478389
79912493260
79911856319
79912462261
79912389573
79916073835
79915779234
79017095934
79814626161
79919544003
79919536345
79053763319
79061177915
79917292470
79673680729
79061173593
79919543433
79919542890
79919537683
79674682271
79674684152
79061185998
79673784120
79674690687
79917627946
79673710968
79029857077
79029882263
79919538037
79919543077
79919542966
79919538194
79919540335
79690626605
79663563261
79673714952
79093137163
79673602783
79916116037
79017264882
79916098351
79631394531
79918704645
79033138983
79915583640
79917628749
79915583648
79919538698
79017866831
79017868366
79647136685
79995466772
79917628689
79917627530
79917626385
79663476891
79917626795
79917324152
79917628834
79533463690
79912785076
79019831541
50374438357
50374142359
50374048359
50373234296
50364605408
50377781621
50374671721
9663563261
9663476891
421947170572
421947132627
421940150553
421940071343
421947117667
421918094011
421940936348
421944826990
421918022127
421940239440
421940112491
421940115781
421940285475
38670572953
38670478416
38670478281
38670501336
38670657459
38671456841
38671468479
38671468463
38671468476
38671801964
38670112538
38670657398
38670572969
38670501311
38670500948
38669753109
38671572521
38671671281
38671594620
34612208119
34608024800
34626235568
34613588285
34692308952
34655683479
34655750142
34645648197
34654790133
34654658016
34685434361
34616738253
34679997580
34669851163
34613712755
34613712586
34631345189
34613804483
34689682259
34680940040
34613410863
34631457519
34632927881
34631322127
34631228156
34610965819
34610957455
34617206180
34613392162
34691288426
34691290460
34632709630
34632039742
34632942101
34632696651
34632567089
34632943315
34632858121
34604385313
34602143932
34632721295
34602841351
34632104070
34632560286
34632888162
34602095974
34631884361
34631020656
34631380556
46760806819
46769050280
46762721175
46735672547
46735561251
46765750954
46762340939
46762599864
46762067418
46735890772
46735576503
46737227618
46736974260
46739566554
46762069208
46728495562
46728514211
46728529435
46736932487
46764050953
46764050653
46764052337
46737677890
46762822760
46700149601
46735717402
46766525944
46735855827
46737855476
46737320993
46762444502
46769396214
46765898842
46764235281
46722850713
46762951622
46704071546
46765898742
46765972183
46736152873
46735706275
46762369413
46729183219
46736454693
46762242567
46790479838
46790480076
46790484502
46790542739
46790542798
46790101287
46728718852
46728422309
46728614818
46728714753
46720269044
46762049277
46729173274
46735907526
46720465726
46738949872
46737888047
46764526471
46720375713
46762844534
46739293081
46737210535
46769637809
46767459405
46764542890
46764464145
46764312208
46764411008
46761564670
46769743243
46761533178
46767552834
46767455337
46767456939
46734945482
46736859504
46764159576
46764404714
46769711753
46728362096
46764346132
9633107143
9633107136
9631392628
9636730470
9636792239
9636791921
9631398807
9631394531
66627267843
66637908760
66618044514
66627068313
66635439505
66947429806
66947600873
66991329375
66990568863
66990470745
66944801079
66921817128
66815435032
660945823752
256702384703
256703160351
256741942358
380688900115
380984900319
380664895749
380662410791
380689076588
380687286521
380672647507
380672697088
380672688670
380983538062
380971463459
380969379250
380960321285
380686645755
380967698989
380672135103
380991832803
380991689232
380991833498
380991832016
380688109695
380975148261
380671465647
380673382170
380975894152
380971732332
380978108070
380970775669
380974906993
380970199658
380974440897
380991777051
380688908445
380970710453
380999642056
380999556612
380975827236
380971025069
380677242829
380682768718
380970199965
380682517701
380972568073
380970778327
380962540134
380688874731
380986764928
380681583075
380681582660
380681582822
380681582643
380681582618
380975862129
380962468710
380681581803
380681581581
380962467889
380682078928
380962986591
380688100689
380685540994
380961956073
380965338571
380984332897
380965337128
380972958050
380972959255
380968816532
380968816155
380972786580
380689647723
380961033674
380968848869
380987419131
380955280489
380506797213
380665327743
380992666233
380507387482
380992893448
380682478005
380688137545
380684203541
380682836717
380969197970
380686481479
380984514917
380964087868
380976007616
380976349695
380962256974
380673667234
380989529368
380661104278
380955961509
380682531135
380988566990
380977392068
380958441701
380977391979
380981791893
380962188993
380989744886
380989745612
380508093935
380955622750
380687478498
380955698145
380983488583
380969910994
380969919262
380961712673
380969921568
380983717091
380970566713
380686851650
380961718681
380681638282
380687488446
380968122594
380686100398
380687448043
380970565355
380684750128
380961713581
380969304897
380999215416
380687800221
380674233200
380979234050
380996823247
380979620439
380989618705
380991878754
380982035725
380687665204
380633192217
380669149357
380960471288
380999171490
380999630893
380970650451
380935725209
380687457914
380982488867
380983243568
380633190848
380935799137
380992632675
380982494736
380989735013
380666423002
380966709478
380979748256
380961621161
380999525204
380951368705
380999629786
380999525172
12152688872
12152409264
12155527184
12156695708
12152149274
16465190037
12155013109
12153308972
12155945135
12155014450
16465105581
12156029761
12156029544
12155019866
12155941987
12155526021
12155549137
12155549455
12155941469
12155947073
12155969334
12156026669
12155947382
12678812333
12678812594
12156186504
12156021056
12156187700
12672065167
12153052657
12152684162
12152688213
12152149452
16173722140
12672921668
12152818631
12672061252
998902421895
